###############################################
#  File for music data			      #
#  ISC Set 2021				      #
#  Ruan Petrus Alves Leite		      #
###############################################
.data
#The music data is represented by a word array with the follow composition:
#	MUSIC_NOTES:	Address for the array of notes		label + 00
#	MUSIC_NUM:	number of notes				label + 04
#	NOTE_CONTER:	keep track of the notes			label + 08
#	LAST_PLAYED:	time when the last nome was played	label + 12
#	LAST_DURATION: 	duration of the last note		label + 16
#	INSTRU_NUM:	Instrument number			label + 20
#	VOL_NUM:	Volume number				label + 24
#EX of representation:
	#Music label: .word MUSIC_NOTES, music_num, note_conter, last_played, last_duration, instru_num, volume_num

#BACK GROUND:	
M_BG:		.word M_BG_NOTES, 160, 0, 0, 0, 46, 80
M_MN:		.word M_MN_NOTES, 51, 0, 0, 0, 41, 80
#SOUND EFFECTS:

#MUSIC NOTES:
#RAINING BLOOD
M_BG_NOTES:	.word 79,125,78,125,79,125,81,125,60,250,77,125,76,125,77,125,79,125,60,250,76,125,75,125,76,125,77,125,60,250,74,750,76,562,76,375,79,187,81,187,79,187,72,1500,69,562,69,375,72,187,74,187,72,187,69,1312,68,187,67,562,67,562,79,375,60,187,67,562,67,375,79,375,60,187,67,562,67,375,79,375,74,1312,75,187,76,562,76,375,79,187,81,187,79,187,82,1500,81,562,81,375,84,187,86,187,84,187,81,1312,80,187,79,562,79,562,67,375,60,187,79,562,67,375,76,375,72,1500,60,1500,81,750,60,375,81,375,79,750,81,375,76,375,77,750,79,750,76,750,60,375,77,93,78,93,79,187,81,750,60,375,81,375,79,750,81,375,76,375,77,750,76,375,74,375,72,750,60,750,81,750,60,375,81,375,79,750,81,375,76,375,77,750,79,750,76,750,60,375,77,93,78,93,79,187,81,750,60,375,81,375,79,750,81,375,76,375,77,750,76,375,74,375,72,750,60,750,84,375,79,187,84,375,76,187,83,187,76,187,84,375,79,187,84,375,76,187,83,187,76,187,81,375,75,187,77,375,75,187,81,187,77,187,81,375,75,187,77,375,75,187,81,187,77,187,84,375,79,187,84,375,76,187,83,187,76,187,84,375,79,187,84,375,76,187,83,187,76,187,81,375,75,187,77,375,75,187,81,187,77,187,85,375,74,187,77,375,74,187,85,187,77,187
M_MN_NOTES:	.word 60,202,62,202,60,202,64,1418,59,202,60,202,59,811,60,405,62,405,57,202,55,202,55,2027,55,202,53,202,52,202,53,1418,56,202,57,202,59,811,64,405,59,405,62,202,60,202,60,2027,60,202,62,202,60,202,64,1418,57,202,59,202,60,405,60,405,62,811,55,405,62,405,60,405,60,1622,52,202,53,202,55,202,53,202,60,2432,52,202,53,202,55,202,53,202,62,2027,62,202,60,202,59,202,60,811